Delitos
2386
2080
1960
1838
2339
1847
1949
2041
2126
1790
1368
1447
2378
2284
2346
2194
2484
2208
2403
2628
2246
2236
2050
1737
3371
3032
2967
2803
2949
2738
2872
2789
3012
2222
1865
1797
3750
3366
3402
3215
2974
2720
2574
2529
2515
2323
1917
1791
4337
4866
5232
4108
4883
4428
3351
3841
4438
3521
2748
2687
5339
6217
6124
6015
7190
6331
6601
6867
6866
6462
5767
5920
8948
9406
8759
8103
8604
7749
7616
7961
7860
7643
7198
7292
8339
8559
9041
8496
9659
8060
8367
8251
8721
8234
8327
6473
8686
8405
9167
9125
9371
8726
8009
8252
8663
7595
7033
6874
7316
7701
8745
7901
9553
9267
11721
11861
11970
10874
10047
9549
11443
12057
9088
7823
9995
8130
8851
9374
10488
10389
9475
6454
8037
10539
11045
10187
10295
9869
9829
10414
11233
9758
9456
6470
10677
11734
13273
11465
12746
11020
10980
11212
11229
11711
8131
7353
10160
8726